                                              01)                                         
 
                                              02)                                         
 
                                              03)                                         
 
                                              04)                                         
 
                                              05)                                         
 
                                              06)                                         
 
                                              07)                                         
 
                                              08)                                         
 
                                              09)                                         
 
                                              10)                                         
 
                                              11)                                         
 
 45)                                          12)                                         56)                                         34)                                        
 
 46)                                          13)                                         57)                                         35)                                        
 
 47)                                          14)                                         58)                                         36)                                        
 
 48)                                          15)                                         59)                                         37)                                        
 
 49)                                          16)                                         60)                                         38)                                        
 
 50)                                          17) _ClassFocus (TODO/WIP)                  61)                                         39)                                        
 
 51)                                          18)                                         62)                                         40)                                        
 
 52)                                          19)                                         63)                                         41)                                        
 
 53)                                          20)                                         64)                                         42)                                        
 
 54)                                          21) _ShowLocals (DEBUG)                     65)                                         43)                                        
 
 55)                                          22) _DebugTests (DEBUG)                     66)                                         44)                                        
 
                                              23)                                         
 
                                              24)                                         
 
                                              25)                                         
 
                                              26)                                         
 
                                              27)                                         
 
                                              28)                                         
 
                                              29)                                         
 
                                              30)                                         
 
                                              31)                                         
 
                                              32)                                         
 
                                              33)                                         
 
